00111000
00010110
00100010
11000000
00100111
10100110
11000110
11111001
01110111
10100000
11010110
01011001
10000001
01101110
10101010
11101001
01110111
01001110
10111111
11000111
11100101
01110000
11001111
11101001
10100101
01111010
00000101
11110001
01000100
11001101
10011001
01000010
11001101
01011010
01011111
11110100
00111110
01111111
11000010
11110001
01110001
01101001
11001101
10010110
11100010
10101100
11101101
11110011
00001001
10001000
00111100
00110101
01011011
01000000
11011001
00011001
00100011
11000111
00111010
10010010
10011001
01110011
00010010
01110011
00010111
00110001
01010110
00101010
01001111
01010111
10010110
00111110
11110110
10000100
10111100
11101111
01110110
01001110
00101011
10111110
10001110
11000100
01001110
10001010
00100111
11110001
01100110
01110001
01000010
00100000
01001000
11100101
10101100
11111100
11110011
01101010
01000101
00001010
00101101
10001111
11001011
00111111
01100000
11100101
11101100
01100100
10000001
10011111
01101100
01000011
11100100
01010001
01100110
01111111
11000101
11110100
01101011
11010011
10100010
10010001
11111101
01110111
11101010
00000011
11010010
00010110
10010101
10101010
00000100
00101001
00011000
11100010
00111111
00011111
01110001
01101001
11110000
00101011
00001110
00101001
10001011
01101101
01100001
01110001
11011100
01010111
11000010
11010011
01111011
01100010
00010111
11010101
10111000
11000010
11001011
00101001
01001101
11101100
10100001
00001011
01111001
10100101
11111100
11111001
00101001
10111001
11010101
00111111
10101010
10111011
11111001
10111010
00011011
11110101
01110011
00101100
11111111
01010011
01011110
11101001
11101011
01001001
11100100
01110100
11010110
10010101
00011010
10110101
01111000
10100110
11010110
01010011
01001011
11111010
00100001
11101011
11101001
01001100
11001000
01011101
00111101
00010110
11011101
10000110
01010110
00110101
10010101
10010011
10100100
10111111
10001001
10000001
10010001
00001111
01000110
11001010
11101001
11111110
10100001
11100111
00010011
11111001
01110000
10011010
01101111
10000011
01100000
11000000
10111101
11100111
10110000
00000110
10001100
10101010
11101100
10001011
00000110
01111111
00011011
01010010
10100110
01000000
11011000
10100101
00101111
10011011
01101001
00000101
00111111
00101100
01010110
01100011
00110010
01110101
11000010
11001000